#                                                                                                             --- full sequence --- -------------- this domain -------------   hmm coord   ali coord   env coord
# target name                                         accession   tlen query name           accession   qlen   E-value  score  bias   #  of  c-Evalue  i-Evalue  score  bias  from    to  from    to  from    to  acc description of target
#                                 ------------------- ---------- ----- -------------------- ---------- ----- --------- ------ ----- --- --- --------- --------- ------ ----- ----- ----- ----- ----- ----- ----- ---- ---------------------
g29[NODE_2_length_376067_cov_37.491936:180160-181770] -            536 EOG092E03LO          -            291   3.1e-80  261.3   1.4   1   1     3e-79   2.3e-78  255.2   1.4     2   287   183   492   182   496 0.84 -
g11[NODE_2_length_376067_cov_37.491936:146370-147884] -            504 EOG092E03LO          -            291   3.2e-44  143.1   0.0   1   1   8.3e-44   6.3e-43  138.9   0.0     2   270    23   319    22   332 0.79 -
g60[NODE_2_length_376067_cov_37.491936:245795-250351] -           1518 EOG092E03LO          -            291   1.5e-21   68.7   0.2   1   2      0.99       7.6   -2.5   0.0     4    36    83   118    81   122 0.71 -
g60[NODE_2_length_376067_cov_37.491936:245795-250351] -           1518 EOG092E03LO          -            291   1.5e-21   68.7   0.2   2   2   1.1e-21   8.8e-21   66.2   0.0    37   275   158   376   149   391 0.76 -
g40[NODE_2_length_376067_cov_37.491936:202588-204630] -            680 EOG092E03LO          -            291   3.6e-19   60.9   0.0   1   1     2e-19   1.5e-18   58.8   0.0     2   202   347   543   346   608 0.76 -
g6[NODE_2_length_376067_cov_37.491936:131762-132958]  -            398 EOG092E03LO          -            291   6.2e-18   56.8   0.0   1   1   1.3e-18   9.9e-18   56.2   0.0     2   199    88   278    87   344 0.81 -
g4[NODE_2_length_376067_cov_37.491936:128541-130745]  -            734 EOG092E03LO          -            291   1.6e-16   52.2   0.0   1   1   3.2e-17   2.5e-16   51.6   0.0    58   198   509   648   499   730 0.80 -
g48[NODE_2_length_376067_cov_37.491936:218230-219786] -            518 EOG092E03LO          -            291   9.3e-11   33.3   0.1   1   1   1.9e-10   1.4e-09   29.4   0.1    41   201   257   442   252   446 0.74 -
g2[NODE_2_length_376067_cov_37.491936:124770-127514]  -            914 EOG092E03LO          -            291     9e-09   26.7   0.0   1   1   2.2e-09   1.7e-08   25.9   0.0    33   149   471   597   436   607 0.72 -
#
# Program:         hmmsearch
# Version:         3.2.1 (June 2018)
# Pipeline mode:   SEARCH
# Query file:      /groups/itay_mayrose/nosnap/liorglic/NGS_course/master/lesson6/saccharomycetales_odb9/hmms/EOG092E03LO.hmm
# Target file:     /groups/itay_mayrose/nosnap/liorglic/NGS_course/master/lesson6/RM11_assembly_4/run_BUSCO/augustus_output/extracted_proteins/EOG092E03LO.faa.3
# Option settings: /groups/itay_mayrose/liorglic/miniconda3/envs/NGS_course/bin/hmmsearch -o ./tmp/temp_BUSCO_2182475112 --domtblout /groups/itay_mayrose/nosnap/liorglic/NGS_course/master/lesson6/RM11_assembly_4/run_BUSCO/hmmer_output/EOG092E03LO.out.3 --cpu 1 /groups/itay_mayrose/nosnap/liorglic/NGS_course/master/lesson6/saccharomycetales_odb9/hmms/EOG092E03LO.hmm /groups/itay_mayrose/nosnap/liorglic/NGS_course/master/lesson6/RM11_assembly_4/run_BUSCO/augustus_output/extracted_proteins/EOG092E03LO.faa.3 
# Current dir:     /groups/itay_mayrose/nosnap/liorglic/NGS_course/master/lesson6/RM11_assembly_4
# Date:            Tue Dec 17 17:48:38 2019
# [ok]
