#                                                                                                             --- full sequence --- -------------- this domain -------------   hmm coord   ali coord   env coord
# target name                                         accession   tlen query name           accession   qlen   E-value  score  bias   #  of  c-Evalue  i-Evalue  score  bias  from    to  from    to  from    to  acc description of target
#                                 ------------------- ---------- ----- -------------------- ---------- ----- --------- ------ ----- --- --- --------- --------- ------ ----- ----- ----- ----- ----- ----- ----- ---- ---------------------
g5[NODE_2_length_376067_cov_37.491936:128541-130745]  -            734 EOG092E05KQ          -            327   7.3e-73  237.3   1.2   1   2     0.076      0.56    1.1   0.0     2    17   269   284   268   294 0.82 -
g5[NODE_2_length_376067_cov_37.491936:128541-130745]  -            734 EOG092E05KQ          -            327   7.3e-73  237.3   1.2   2   2     2e-72   1.5e-71  233.0   0.4    59   327   415   728   400   728 0.84 -
g7[NODE_2_length_376067_cov_37.491936:131762-132958]  -            398 EOG092E05KQ          -            327   7.1e-29   92.8   0.0   1   1   1.4e-29     1e-28   92.3   0.0    35   261    57   281    48   302 0.81 -
g41[NODE_2_length_376067_cov_37.491936:202588-204630] -            680 EOG092E05KQ          -            327   1.6e-22   71.9   0.0   1   1   3.4e-23   2.5e-22   71.2   0.0    70   260   351   542   347   561 0.79 -
g30[NODE_2_length_376067_cov_37.491936:180160-181770] -            536 EOG092E05KQ          -            327   3.1e-20   64.4   0.1   1   1   7.1e-21   5.2e-20   63.6   0.1    39   256   160   374   126   390 0.76 -
g12[NODE_2_length_376067_cov_37.491936:146370-147884] -            504 EOG092E05KQ          -            327   2.8e-19   61.2   0.2   1   1   5.1e-20   3.8e-19   60.8   0.2   101   291    66   259     8   276 0.74 -
g49[NODE_2_length_376067_cov_37.491936:218230-219786] -            518 EOG092E05KQ          -            327   4.8e-16   50.6   0.6   1   2      0.78       5.8   -2.3   0.0    99   123   251   275   201   284 0.78 -
g49[NODE_2_length_376067_cov_37.491936:218230-219786] -            518 EOG092E05KQ          -            327   4.8e-16   50.6   0.6   2   2   2.6e-16   1.9e-15   48.6   0.2   136   255   306   437   291   443 0.77 -
g3[NODE_2_length_376067_cov_37.491936:124770-127514]  -            914 EOG092E05KQ          -            327   6.2e-13   40.4   0.4   1   2   5.2e-13   3.9e-12   37.7   0.5    70   206   439   594   431   606 0.76 -
g3[NODE_2_length_376067_cov_37.491936:124770-127514]  -            914 EOG092E05KQ          -            327   6.2e-13   40.4   0.4   2   2      0.23       1.7   -0.5   0.0   243   260   812   829   782   838 0.74 -
#
# Program:         hmmsearch
# Version:         3.2.1 (June 2018)
# Pipeline mode:   SEARCH
# Query file:      /groups/itay_mayrose/nosnap/liorglic/NGS_course/master/lesson6/saccharomycetales_odb9/hmms/EOG092E05KQ.hmm
# Target file:     /groups/itay_mayrose/nosnap/liorglic/NGS_course/master/lesson6/RM11_assembly_4/run_BUSCO/augustus_output/extracted_proteins/EOG092E05KQ.faa.2
# Option settings: /groups/itay_mayrose/liorglic/miniconda3/envs/NGS_course/bin/hmmsearch -o ./tmp/temp_BUSCO_2182475112 --domtblout /groups/itay_mayrose/nosnap/liorglic/NGS_course/master/lesson6/RM11_assembly_4/run_BUSCO/hmmer_output/EOG092E05KQ.out.2 --cpu 1 /groups/itay_mayrose/nosnap/liorglic/NGS_course/master/lesson6/saccharomycetales_odb9/hmms/EOG092E05KQ.hmm /groups/itay_mayrose/nosnap/liorglic/NGS_course/master/lesson6/RM11_assembly_4/run_BUSCO/augustus_output/extracted_proteins/EOG092E05KQ.faa.2 
# Current dir:     /groups/itay_mayrose/nosnap/liorglic/NGS_course/master/lesson6/RM11_assembly_4
# Date:            Tue Dec 17 17:48:39 2019
# [ok]
