#                                                                                                              --- full sequence --- -------------- this domain -------------   hmm coord   ali coord   env coord
# target name                                          accession   tlen query name           accession   qlen   E-value  score  bias   #  of  c-Evalue  i-Evalue  score  bias  from    to  from    to  from    to  acc description of target
#                                  ------------------- ---------- ----- -------------------- ---------- ----- --------- ------ ----- --- --- --------- --------- ------ ----- ----- ----- ----- ----- ----- ----- ---- ---------------------
g50[NODE_15_length_165883_cov_37.897617:125531-128227] -            898 EOG092E01WO          -            574  4.4e-228  750.3  12.4   1   3  1.2e-186  1.2e-185  610.2   0.7     2   375     3   390     2   432 0.90 -
g50[NODE_15_length_165883_cov_37.897617:125531-128227] -            898 EOG092E01WO          -            574  4.4e-228  750.3  12.4   2   3   2.3e-36   2.4e-35  114.0   2.1   314   522   437   680   407   714 0.71 -
g50[NODE_15_length_165883_cov_37.897617:125531-128227] -            898 EOG092E01WO          -            574  4.4e-228  750.3  12.4   3   3   1.5e-11   1.6e-10   32.1   0.1   529   573   844   893   798   894 0.83 -
g31[NODE_15_length_165883_cov_37.897617:89075-94994]   -           1045 EOG092E01WO          -            574  5.6e-121  396.7   0.9   1   1  8.4e-122  8.7e-121  396.1   0.9     4   397    89   490    86   528 0.83 -
g41[NODE_15_length_165883_cov_37.897617:109072-110979] -            635 EOG092E01WO          -            574   8.2e-46  148.6   3.5   1   1   1.5e-46   1.5e-45  147.6   3.1     9   277    56   313    52   454 0.73 -
g16[NODE_15_length_165883_cov_37.897617:57160-60588]   -           1142 EOG092E01WO          -            574   3.3e-44  143.3   0.0   1   4   3.2e-45   3.3e-44  143.3   0.0    10   273    19   291    11   302 0.81 -
g16[NODE_15_length_165883_cov_37.897617:57160-60588]   -           1142 EOG092E01WO          -            574   3.3e-44  143.3   0.0   2   4      0.32       3.3   -2.0   4.1   498   563   368   428   365   436 0.67 -
g16[NODE_15_length_165883_cov_37.897617:57160-60588]   -           1142 EOG092E01WO          -            574   3.3e-44  143.3   0.0   3   4         5        52  -10.7  12.7   306   417   520   629   467   658 0.49 -
g16[NODE_15_length_165883_cov_37.897617:57160-60588]   -           1142 EOG092E01WO          -            574   3.3e-44  143.3   0.0   4   4         5        52   -6.0   5.6   299   319   963   983   927  1055 0.45 -
g4[NODE_15_length_165883_cov_37.897617:35906-37378]    -            490 EOG092E01WO          -            574   5.6e-32  102.9   0.0   1   1   9.9e-33     1e-31  102.0   0.0     8   349    16   352     8   385 0.79 -
#
# Program:         hmmsearch
# Version:         3.2.1 (June 2018)
# Pipeline mode:   SEARCH
# Query file:      /groups/itay_mayrose/nosnap/liorglic/NGS_course/master/lesson6/saccharomycetales_odb9/hmms/EOG092E01WO.hmm
# Target file:     /groups/itay_mayrose/nosnap/liorglic/NGS_course/master/lesson6/RM11_assembly_4/run_BUSCO/augustus_output/extracted_proteins/EOG092E01WO.faa.1
# Option settings: /groups/itay_mayrose/liorglic/miniconda3/envs/NGS_course/bin/hmmsearch -o ./tmp/temp_BUSCO_2182475112 --domtblout /groups/itay_mayrose/nosnap/liorglic/NGS_course/master/lesson6/RM11_assembly_4/run_BUSCO/hmmer_output/EOG092E01WO.out.1 --cpu 1 /groups/itay_mayrose/nosnap/liorglic/NGS_course/master/lesson6/saccharomycetales_odb9/hmms/EOG092E01WO.hmm /groups/itay_mayrose/nosnap/liorglic/NGS_course/master/lesson6/RM11_assembly_4/run_BUSCO/augustus_output/extracted_proteins/EOG092E01WO.faa.1 
# Current dir:     /groups/itay_mayrose/nosnap/liorglic/NGS_course/master/lesson6/RM11_assembly_4
# Date:            Tue Dec 17 17:48:38 2019
# [ok]
