#                                                                                                             --- full sequence --- -------------- this domain -------------   hmm coord   ali coord   env coord
# target name                                         accession   tlen query name           accession   qlen   E-value  score  bias   #  of  c-Evalue  i-Evalue  score  bias  from    to  from    to  from    to  acc description of target
#                                 ------------------- ---------- ----- -------------------- ---------- ----- --------- ------ ----- --- --- --------- --------- ------ ----- ----- ----- ----- ----- ----- ----- ---- ---------------------
g30[NODE_2_length_376067_cov_37.491936:180160-181770] -            536 EOG092E0EA7          -            264   2.9e-68  221.4   0.0   1   1   5.9e-69   4.3e-68  220.8   0.0     1   264   185   469   185   469 0.85 -
g12[NODE_2_length_376067_cov_37.491936:146370-147884] -            504 EOG092E0EA7          -            264     1e-43  140.9   0.0   1   1     2e-44   1.4e-43  140.5   0.0    20   264    50   318    28   318 0.82 -
g7[NODE_2_length_376067_cov_37.491936:131762-132958]  -            398 EOG092E0EA7          -            264   1.6e-19   61.7   0.1   1   2      0.22       1.6   -0.7   0.0    45    68   115   138   105   147 0.82 -
g7[NODE_2_length_376067_cov_37.491936:131762-132958]  -            398 EOG092E0EA7          -            264   1.6e-19   61.7   0.1   2   2   1.2e-19   8.7e-19   59.2   0.0    54   182   148   278   134   290 0.78 -
g5[NODE_2_length_376067_cov_37.491936:128541-130745]  -            734 EOG092E0EA7          -            264     1e-16   52.4   0.0   1   1   2.6e-17   1.9e-16   51.5   0.0    78   188   540   655   500   676 0.80 -
g41[NODE_2_length_376067_cov_37.491936:202588-204630] -            680 EOG092E0EA7          -            264   2.9e-15   47.6   0.1   1   1   7.2e-16   5.3e-15   46.8   0.1     4   187   352   545   349   563 0.73 -
g3[NODE_2_length_376067_cov_37.491936:124770-127514]  -            914 EOG092E0EA7          -            264   7.7e-09   26.6   0.4   1   1     3e-09   2.2e-08   25.1   0.4     6   136   442   596   437   605 0.69 -
g49[NODE_2_length_376067_cov_37.491936:218230-219786] -            518 EOG092E0EA7          -            264   2.2e-08   25.1   0.4   1   2       1.2       8.8   -3.1   0.0    40    60   257   277   251   279 0.86 -
g49[NODE_2_length_376067_cov_37.491936:218230-219786] -            518 EOG092E0EA7          -            264   2.2e-08   25.1   0.4   2   2   2.2e-08   1.6e-07   22.3   0.1    83   181   326   439   320   448 0.77 -
#
# Program:         hmmsearch
# Version:         3.2.1 (June 2018)
# Pipeline mode:   SEARCH
# Query file:      /groups/itay_mayrose/nosnap/liorglic/NGS_course/master/lesson6/saccharomycetales_odb9/hmms/EOG092E0EA7.hmm
# Target file:     /groups/itay_mayrose/nosnap/liorglic/NGS_course/master/lesson6/RM11_assembly_4/run_BUSCO/augustus_output/extracted_proteins/EOG092E0EA7.faa.2
# Option settings: /groups/itay_mayrose/liorglic/miniconda3/envs/NGS_course/bin/hmmsearch -o ./tmp/temp_BUSCO_2182475112 --domtblout /groups/itay_mayrose/nosnap/liorglic/NGS_course/master/lesson6/RM11_assembly_4/run_BUSCO/hmmer_output/EOG092E0EA7.out.2 --cpu 1 /groups/itay_mayrose/nosnap/liorglic/NGS_course/master/lesson6/saccharomycetales_odb9/hmms/EOG092E0EA7.hmm /groups/itay_mayrose/nosnap/liorglic/NGS_course/master/lesson6/RM11_assembly_4/run_BUSCO/augustus_output/extracted_proteins/EOG092E0EA7.faa.2 
# Current dir:     /groups/itay_mayrose/nosnap/liorglic/NGS_course/master/lesson6/RM11_assembly_4
# Date:            Tue Dec 17 17:48:41 2019
# [ok]
