#                                                                                                           --- full sequence --- -------------- this domain -------------   hmm coord   ali coord   env coord
# target name                                       accession   tlen query name           accession   qlen   E-value  score  bias   #  of  c-Evalue  i-Evalue  score  bias  from    to  from    to  from    to  acc description of target
#                               ------------------- ---------- ----- -------------------- ---------- ----- --------- ------ ----- --- --- --------- --------- ------ ----- ----- ----- ----- ----- ----- ----- ---- ---------------------
g26[NODE_45_length_92879_cov_39.059672:69807-72578] -            923 EOG092E02EG          -            802         0 1531.8  14.2   1   2  2.9e-127  2.8e-126  413.3   4.2     1   218     1   222     1   227 0.98 -
g26[NODE_45_length_92879_cov_39.059672:69807-72578] -            923 EOG092E02EG          -            802         0 1531.8  14.2   2   2         0         0 1124.1   2.5   217   796   245   842   241   847 0.98 -
g15[NODE_45_length_92879_cov_39.059672:50684-52231] -            515 EOG092E02EG          -            802     5e-38  121.5  11.7   1   4   1.8e-10   1.7e-09   27.0   0.1   310   382   141   214   133   216 0.90 -
g15[NODE_45_length_92879_cov_39.059672:50684-52231] -            515 EOG092E02EG          -            802     5e-38  121.5  11.7   2   4   1.7e-09   1.6e-08   23.9   0.0   309   361   183   236   174   240 0.89 -
g15[NODE_45_length_92879_cov_39.059672:50684-52231] -            515 EOG092E02EG          -            802     5e-38  121.5  11.7   3   4   3.7e-14   3.5e-13   39.3   0.3   325   383   249   306   239   319 0.92 -
g15[NODE_45_length_92879_cov_39.059672:50684-52231] -            515 EOG092E02EG          -            802     5e-38  121.5  11.7   4   4   7.5e-19   7.2e-18   54.8   0.8   283   418   373   507   359   509 0.82 -
g4[NODE_45_length_92879_cov_39.059672:30621-32762]  -            713 EOG092E02EG          -            802   7.6e-27   84.5   2.0   1   3   0.00013    0.0012    7.7   0.0    88   128   339   379   331   434 0.67 -
g4[NODE_45_length_92879_cov_39.059672:30621-32762]  -            713 EOG092E02EG          -            802   7.6e-27   84.5   2.0   2   3   5.6e-22   5.4e-21   65.1   0.3   316   474   447   610   443   624 0.90 -
g4[NODE_45_length_92879_cov_39.059672:30621-32762]  -            713 EOG092E02EG          -            802   7.6e-27   84.5   2.0   3   3   4.9e-05   0.00047    9.1   0.0   139   192   626   677   619   708 0.63 -
#
# Program:         hmmsearch
# Version:         3.2.1 (June 2018)
# Pipeline mode:   SEARCH
# Query file:      /groups/itay_mayrose/nosnap/liorglic/NGS_course/master/lesson6/saccharomycetales_odb9/hmms/EOG092E02EG.hmm
# Target file:     /groups/itay_mayrose/nosnap/liorglic/NGS_course/master/lesson6/RM11_assembly_4/run_BUSCO/augustus_output/extracted_proteins/EOG092E02EG.faa.1
# Option settings: /groups/itay_mayrose/liorglic/miniconda3/envs/NGS_course/bin/hmmsearch -o ./tmp/temp_BUSCO_2182475112 --domtblout /groups/itay_mayrose/nosnap/liorglic/NGS_course/master/lesson6/RM11_assembly_4/run_BUSCO/hmmer_output/EOG092E02EG.out.1 --cpu 1 /groups/itay_mayrose/nosnap/liorglic/NGS_course/master/lesson6/saccharomycetales_odb9/hmms/EOG092E02EG.hmm /groups/itay_mayrose/nosnap/liorglic/NGS_course/master/lesson6/RM11_assembly_4/run_BUSCO/augustus_output/extracted_proteins/EOG092E02EG.faa.1 
# Current dir:     /groups/itay_mayrose/nosnap/liorglic/NGS_course/master/lesson6/RM11_assembly_4
# Date:            Tue Dec 17 17:48:38 2019
# [ok]
