#                                                                                                           --- full sequence --- -------------- this domain -------------   hmm coord   ali coord   env coord
# target name                                       accession   tlen query name           accession   qlen   E-value  score  bias   #  of  c-Evalue  i-Evalue  score  bias  from    to  from    to  from    to  acc description of target
#                               ------------------- ---------- ----- -------------------- ---------- ----- --------- ------ ----- --- --- --------- --------- ------ ----- ----- ----- ----- ----- ----- ----- ---- ---------------------
g15[NODE_45_length_92879_cov_39.059672:50684-52231] -            515 EOG092E05XI          -            467  3.1e-276  906.9  23.0   1   1  2.2e-275    2e-274  900.9  23.0     1   467     1   515     1   515 0.96 -
g26[NODE_45_length_92879_cov_39.059672:69807-72578] -            923 EOG092E05XI          -            467   9.4e-43  137.1   5.8   1   4   6.7e-14   6.2e-13   38.8   0.3   351   466    93   219    19   220 0.74 -
g26[NODE_45_length_92879_cov_39.059672:69807-72578] -            923 EOG092E05XI          -            467   9.4e-43  137.1   5.8   2   4   1.1e-20     1e-19   61.1   0.0   130   281   261   415   250   426 0.86 -
g26[NODE_45_length_92879_cov_39.059672:69807-72578] -            923 EOG092E05XI          -            467   9.4e-43  137.1   5.8   3   4   5.3e-13   4.9e-12   35.8   0.1   351   457   426   534   419   543 0.89 -
g26[NODE_45_length_92879_cov_39.059672:69807-72578] -            923 EOG092E05XI          -            467   9.4e-43  137.1   5.8   4   4     0.016      0.15    1.3   0.0   354   383   577   606   565   617 0.70 -
g4[NODE_45_length_92879_cov_39.059672:30621-32762]  -            713 EOG092E05XI          -            467   8.5e-33  104.3  15.0   1   5      0.44       4.1   -3.5   0.4   121   168   209   260   203   264 0.75 -
g4[NODE_45_length_92879_cov_39.059672:30621-32762]  -            713 EOG092E05XI          -            467   8.5e-33  104.3  15.0   2   5   3.5e-22   3.3e-21   66.1   2.2   252   466   342   555   334   556 0.86 -
g4[NODE_45_length_92879_cov_39.059672:30621-32762]  -            713 EOG092E05XI          -            467   8.5e-33  104.3  15.0   3   5   4.4e-08   4.1e-07   19.6   0.2   351   384   573   606   555   613 0.80 -
g4[NODE_45_length_92879_cov_39.059672:30621-32762]  -            713 EOG092E05XI          -            467   8.5e-33  104.3  15.0   4   5   3.9e-06   3.6e-05   13.2   0.0   160   203   618   661   607   665 0.89 -
g4[NODE_45_length_92879_cov_39.059672:30621-32762]  -            713 EOG092E05XI          -            467   8.5e-33  104.3  15.0   5   5   1.1e-09   1.1e-08   24.8   0.0   126   204   627   710   620   712 0.81 -
#
# Program:         hmmsearch
# Version:         3.2.1 (June 2018)
# Pipeline mode:   SEARCH
# Query file:      /groups/itay_mayrose/nosnap/liorglic/NGS_course/master/lesson6/saccharomycetales_odb9/hmms/EOG092E05XI.hmm
# Target file:     /groups/itay_mayrose/nosnap/liorglic/NGS_course/master/lesson6/RM11_assembly_4/run_BUSCO/augustus_output/extracted_proteins/EOG092E05XI.faa.1
# Option settings: /groups/itay_mayrose/liorglic/miniconda3/envs/NGS_course/bin/hmmsearch -o ./tmp/temp_BUSCO_2182475112 --domtblout /groups/itay_mayrose/nosnap/liorglic/NGS_course/master/lesson6/RM11_assembly_4/run_BUSCO/hmmer_output/EOG092E05XI.out.1 --cpu 1 /groups/itay_mayrose/nosnap/liorglic/NGS_course/master/lesson6/saccharomycetales_odb9/hmms/EOG092E05XI.hmm /groups/itay_mayrose/nosnap/liorglic/NGS_course/master/lesson6/RM11_assembly_4/run_BUSCO/augustus_output/extracted_proteins/EOG092E05XI.faa.1 
# Current dir:     /groups/itay_mayrose/nosnap/liorglic/NGS_course/master/lesson6/RM11_assembly_4
# Date:            Tue Dec 17 17:48:39 2019
# [ok]
