#                                                                                                             --- full sequence --- -------------- this domain -------------   hmm coord   ali coord   env coord
# target name                                         accession   tlen query name           accession   qlen   E-value  score  bias   #  of  c-Evalue  i-Evalue  score  bias  from    to  from    to  from    to  acc description of target
#                                 ------------------- ---------- ----- -------------------- ---------- ----- --------- ------ ----- --- --- --------- --------- ------ ----- ----- ----- ----- ----- ----- ----- ---- ---------------------
g28[NODE_2_length_376067_cov_37.491936:180160-181770] -            536 EOG092E0A3R          -            296  2.4e-150  491.4   2.3   1   1    7e-151    6e-150  490.1   2.3     2   293   179   500   178   502 0.92 -
g10[NODE_2_length_376067_cov_37.491936:146370-147884] -            504 EOG092E0A3R          -            296   6.2e-37  119.0   0.1   1   1   9.9e-38   8.5e-37  118.6   0.1    32   267    51   319    20   342 0.76 -
g5[NODE_2_length_376067_cov_37.491936:131762-132958]  -            398 EOG092E0A3R          -            296   4.5e-25   80.1   0.0   1   1   8.9e-26   7.6e-25   79.4   0.0     6   206    88   297    84   311 0.88 -
g59[NODE_2_length_376067_cov_37.491936:245795-250351] -           1518 EOG092E0A3R          -            296   2.3e-22   71.2   0.4   1   3      0.23         2   -0.8   0.1    12    35    87   110    82   116 0.90 -
g59[NODE_2_length_376067_cov_37.491936:245795-250351] -           1518 EOG092E0A3R          -            296   2.3e-22   71.2   0.4   2   3   5.2e-21   4.5e-20   63.7   0.0    47   194   158   317   125   329 0.79 -
g59[NODE_2_length_376067_cov_37.491936:245795-250351] -           1518 EOG092E0A3R          -            296   2.3e-22   71.2   0.4   3   3     0.011     0.093    3.6   0.0   239   268   342   371   331   394 0.82 -
g39[NODE_2_length_376067_cov_37.491936:202588-204630] -            680 EOG092E0A3R          -            296   1.8e-20   65.0   0.0   1   1   4.3e-21   3.7e-20   64.0   0.0     6   188   347   541   343   559 0.81 -
g47[NODE_2_length_376067_cov_37.491936:218230-219786] -            518 EOG092E0A3R          -            296   1.8e-11   35.5   2.0   1   2     0.029      0.25    2.2   0.1    51    71   257   277   191   287 0.86 -
g47[NODE_2_length_376067_cov_37.491936:218230-219786] -            518 EOG092E0A3R          -            296   1.8e-11   35.5   2.0   2   2   6.4e-11   5.5e-10   30.6   0.3    99   189   330   442   303   449 0.72 -
g3[NODE_2_length_376067_cov_37.491936:128541-130745]  -            734 EOG092E0A3R          -            296   2.4e-11   35.0   0.0   1   1   5.1e-12   4.4e-11   34.2   0.0    64   189   505   651   497   687 0.73 -
#
# Program:         hmmsearch
# Version:         3.2.1 (June 2018)
# Pipeline mode:   SEARCH
# Query file:      /groups/itay_mayrose/nosnap/liorglic/NGS_course/master/lesson6/saccharomycetales_odb9/hmms/EOG092E0A3R.hmm
# Target file:     /groups/itay_mayrose/nosnap/liorglic/NGS_course/master/lesson6/RM11_assembly_4/run_BUSCO/augustus_output/extracted_proteins/EOG092E0A3R.faa.1
# Option settings: /groups/itay_mayrose/liorglic/miniconda3/envs/NGS_course/bin/hmmsearch -o ./tmp/temp_BUSCO_2182475112 --domtblout /groups/itay_mayrose/nosnap/liorglic/NGS_course/master/lesson6/RM11_assembly_4/run_BUSCO/hmmer_output/EOG092E0A3R.out.1 --cpu 1 /groups/itay_mayrose/nosnap/liorglic/NGS_course/master/lesson6/saccharomycetales_odb9/hmms/EOG092E0A3R.hmm /groups/itay_mayrose/nosnap/liorglic/NGS_course/master/lesson6/RM11_assembly_4/run_BUSCO/augustus_output/extracted_proteins/EOG092E0A3R.faa.1 
# Current dir:     /groups/itay_mayrose/nosnap/liorglic/NGS_course/master/lesson6/RM11_assembly_4
# Date:            Tue Dec 17 17:48:40 2019
# [ok]
